1.0,102.0,1.0,2.0,0.0475,2.0,1,0
1.0,114.0,2.0,2.0,0.0475,2.0,2,0
1.0,55.0,1.0,2.0,0.0475,2.0,3,0
1.0,55.0,1.0,1.0,0.024375,1.0,4,0
1.0,300.0,1.0,1.0,0.024375,1.0,5,0
3.0,230.0,1.0,4.0,0.14,3.0,6,0
2.0,72.0,2.0,2.0,0.0475,2.0,7,0
1.0,265.0,2.0,3.0,0.119375,2.0,8,0
2.0,622.0,2.0,5.0,0.159375,4.0,9,0
2.0,1250.0,3.0,6.0,0.2775,4.0,11,0
1.0,108.0,1.0,1.0,0.024375,1.0,12,0
1.0,35.0,1.0,1.0,0.024375,1.0,13,0
1.0,51.0,1.0,1.0,0.024375,1.0,14,0
3.0,589.0,7.0,13.0,0.919375,6.0,15,0
1.0,204.0,3.0,4.0,0.14,3.0,16,1
3.0,296.0,6.0,10.0,0.4375,6.0,17,0
7.0,1265.0,13.0,26.0,0.8275,18.0,18,0
4.0,357.9,2.0,9.0,0.224375,8.0,19,1
1.0,93.0,2.0,3.0,0.069375,3.0,20,0
6.0,2027.0,9.0,25.0,0.784375,16.0,21,0
4.0,110.0,2.0,5.0,0.209375,3.0,22,1
3.0,44.0,1.0,3.0,0.069375,3.0,23,0
12.0,3332.0,13.0,30.0,1.0875,18.0,24,0
9.0,3294.0,15.0,29.0,1.049375,18.0,25,1
5.0,205.0,4.0,7.0,0.194375,6.0,26,1
5.0,142.0,1.0,7.0,0.194375,6.0,27,0
3.0,35.0,1.0,3.0,0.119375,2.0,28,0
1.0,12.0,1.0,1.0,0.024375,1.0,29,0
1.0,52.0,1.0,1.0,0.024375,1.0,30,0
2.0,30.0,1.0,3.0,0.119375,2.0,31,0
2.0,230.0,1.0,6.0,0.1775,5.0,32,0
2.0,335.5,5.0,10.0,0.7375,5.0,33,0
2.0,70.0,1.0,2.0,0.0475,2.0,34,0
5.0,34.5,3.0,6.0,0.1775,5.0,35,0
3.0,404.0,2.0,7.0,0.194375,6.0,36,0
19.0,4399.8,19.0,85.0,3.509375,31.0,37,0
1.0,5.0,1.0,1.0,0.024375,1.0,38,1
2.0,157.0,1.0,2.0,0.0475,2.0,39,0
3.0,54.0,1.0,3.0,0.069375,3.0,40,0
4.0,4114.4,17.0,28.0,1.31,14.0,42,0
2.0,602.35,5.0,8.0,0.26,6.0,43,0
1.0,41.5,1.0,2.0,0.0475,2.0,44,1
7.0,1528.0,1.0,19.0,1.599375,9.0,45,0
5.0,4120.4,9.0,22.0,1.2975,11.0,46,0
13.0,4429.5,2.0,35.0,1.309375,18.0,47,0
4.0,689.0,1.0,13.0,1.169375,5.0,48,0
2.0,3661.0,2.0,22.0,4.9475,3.0,49,0
6.0,3621.0,3.0,27.0,1.619375,13.0,50,0
5.0,6771.0,4.0,25.0,2.284375,8.0,51,0
15.0,1778.0,4.0,46.0,4.9775,15.0,52,0
15.0,6582.0,4.0,81.0,10.374375,18.0,53,0
17.0,6794.59,3.0,43.0,2.619375,16.0,54,0
11.0,2597.0,2.0,21.0,1.699375,7.0,55,0
13.0,4062.0,3.0,31.0,1.674375,13.0,56,0
11.0,1748.0,3.0,29.0,1.599375,12.0,57,0
9.0,4648.0,2.0,27.0,2.419375,10.0,58,0
7.0,9512.0,3.0,23.0,1.744375,9.0,59,0
1.0,23948.0,3.0,3.0,0.119375,2.0,60,0
6.0,4504.0,1.0,10.0,0.4375,6.0,61,0
3.0,11462.0,2.0,6.0,0.2275,4.0,63,0
12.0,28858.0,4.0,39.0,3.324375,16.0,64,0
4.0,18241.0,3.0,10.0,0.3375,7.0,65,0
1.0,260.0,1.0,1.0,0.024375,1.0,66,0
8.0,8852.0,1.0,11.0,0.449375,7.0,67,0
2.0,607.0,2.0,3.0,0.119375,2.0,68,0
11.0,772.0,1.0,31.0,2.024375,12.0,69,0
7.0,1124.0,1.0,17.0,0.794375,9.0,70,0
16.0,5489.0,2.0,46.0,1.6275,22.0,71,0
21.0,5754.0,1.0,69.0,4.449375,21.0,72,0
4.0,1652.0,1.0,6.0,0.1775,5.0,73,0
8.0,2932.0,1.0,16.0,0.84,8.0,74,0
1.0,1373.0,5.0,30.0,6.5375,6.0,75,0
5.0,947.0,3.0,8.0,0.26,6.0,76,0
4.0,490.0,1.0,4.0,0.09,4.0,77,0
6.0,690.0,4.0,13.0,0.619375,7.0,78,0
6.0,913.0,1.0,11.0,0.299375,9.0,79,0
6.0,941.0,2.0,14.0,2.0275,3.0,80,0
5.0,824.0,1.0,18.0,2.9475,3.0,81,0
27.0,3468.0,4.0,112.0,29.91,18.0,82,0
28.0,7906.5,7.0,187.0,92.669375,22.0,83,0
12.0,1501.0,1.0,54.0,5.2775,22.0,84,0
1.0,9565.0,7.0,63.0,22.094375,5.0,85,0
4.0,2687.0,3.0,6.0,0.3275,3.0,86,0
1.0,58.0,1.0,1.0,0.024375,1.0,87,0
3.0,1034.0,3.0,3.0,0.069375,3.0,88,0
1.0,343.0,1.0,1.0,0.024375,1.0,89,0
1.0,183.0,1.0,2.0,0.0975,1.0,90,0
2.0,53.0,1.0,3.0,0.069375,3.0,91,0
1.0,543.0,2.0,1.0,0.024375,1.0,92,0
1.0,356.0,1.0,1.0,0.024375,1.0,93,0
3.0,1505.0,3.0,4.0,0.14,3.0,94,0
2.0,88.0,1.0,2.0,0.0475,2.0,95,0
3.0,220.0,2.0,8.0,0.21,7.0,96,0
1.0,190.0,1.0,1.0,0.024375,1.0,97,0
15.0,4005.0,2.0,29.0,2.149375,11.0,98,0
3.0,1170.0,4.0,2.0,0.0475,2.0,99,0
2.0,620.0,1.0,2.0,0.0975,1.0,100,0
19.0,7744.0,1.0,44.0,3.59,15.0,101,1
3.0,359.0,2.0,7.0,0.194375,6.0,102,1
3.0,541.0,3.0,3.0,0.119375,2.0,103,1
1.0,485.0,1.0,1.0,0.024375,1.0,104,1
6.0,2388.0,4.0,14.0,0.7275,7.0,105,1
4.0,3219.0,10.0,11.0,0.349375,8.0,106,0
6.0,7634.4,3.0,34.0,8.1275,8.0,107,0
2.0,922.0,1.0,5.0,0.409375,2.0,108,0
3.0,2087.0,2.0,3.0,0.069375,3.0,109,0
17.0,19875.0,8.0,79.0,5.374375,27.0,110,0
2.0,2363.0,1.0,3.0,0.119375,2.0,111,0
1.0,148.0,2.0,2.0,0.0975,1.0,112,0
1.0,9368.0,1.0,5.0,0.259375,3.0,113,1
14.0,5901.0,7.0,49.0,5.624375,18.0,114,0
10.0,3810.0,4.0,31.0,1.824375,13.0,115,1
6.0,3394.0,3.0,14.0,0.4775,10.0,116,0
2.0,972.0,4.0,2.0,0.0475,2.0,117,1
4.0,6361.0,4.0,5.0,0.109375,5.0,118,1
4.0,340.0,1.0,9.0,0.424375,5.0,119,1
3.0,46.0,1.0,3.0,0.069375,3.0,120,1
24.0,3433.0,1.0,73.0,5.544375,26.0,121,1
13.0,5478.0,2.0,148.0,23.11,33.0,122,1
13.0,10765.0,2.0,196.0,48.09,32.0,123,1
2.0,81.0,1.0,2.0,0.0475,2.0,124,1
5.0,447.0,2.0,9.0,0.374375,6.0,125,1
4.0,677.0,2.0,8.0,0.66,4.0,126,1
16.0,6003.5,8.0,116.0,9.74,31.0,127,0
24.0,8874.0,10.0,118.0,8.0975,33.0,128,0
20.0,1122.0,1.0,83.0,2.969375,33.0,129,0
18.0,3059.0,3.0,151.0,45.074375,27.0,130,1
20.0,3457.0,3.0,73.0,6.144375,25.0,131,1
10.0,1635.0,2.0,45.0,14.959375,9.0,132,1
5.0,812.0,1.0,9.0,0.224375,8.0,133,1
2.0,1205.0,1.0,4.0,0.39,1.0,134,1
1.0,1354.0,1.0,1.0,0.024375,1.0,135,1
1.0,1212.0,1.0,1.0,0.024375,1.0,136,0
1.0,2604.0,1.0,2.0,0.0975,1.0,137,0
3.0,143.0,1.0,5.0,0.209375,3.0,138,0
4.0,405.0,1.0,5.0,0.609375,1.0,139,0
3.0,665.0,1.0,15.0,4.784375,2.0,140,0
5.0,2449.0,4.0,15.0,2.684375,2.0,141,0
1.0,494.0,1.0,1.0,0.024375,1.0,142,0
9.0,1033.0,1.0,18.0,1.0975,9.0,143,0
8.0,1121.0,2.0,23.0,1.844375,10.0,144,0
2.0,35.5,1.0,3.0,0.069375,3.0,145,0
2.0,54.0,1.0,4.0,0.24,2.0,146,1
8.0,2280.0,2.0,37.0,1.669375,17.0,147,1
6.0,2532.0,6.0,23.0,0.744375,15.0,148,1
2.0,389.0,1.0,5.0,0.309375,2.0,149,1
1.0,826.0,4.0,12.0,0.81,4.0,150,1
7.0,624.3,3.0,23.0,1.544375,10.0,151,1
5.0,183.3,1.0,18.0,4.2975,4.0,152,1
4.0,722.0,1.0,22.0,2.7475,6.0,153,0
6.0,379.0,1.0,8.0,0.21,7.0,154,1
6.0,1340.0,2.0,10.0,0.2875,8.0,155,0
3.0,92.14,9.0,10.0,1.2375,4.0,157,1
2.0,304.7,1.0,7.0,0.294375,4.0,158,1
1.0,226.5,1.0,5.0,0.409375,2.0,159,1
4.0,484.8,2.0,7.0,0.144375,7.0,160,0
5.0,281.5,1.0,5.0,0.409375,2.0,161,0
4.0,1184.4,1.0,6.0,0.1775,5.0,162,0
4.0,834.3,5.0,7.0,0.594375,2.0,163,0
1.0,1625.8,6.0,5.0,0.209375,3.0,164,0
7.0,653.0,4.0,11.0,1.399375,3.0,165,0
2.0,26.0,3.0,3.0,0.119375,2.0,166,0
2.0,41.0,7.0,7.0,0.294375,5.0,167,0
2.0,43.0,8.0,9.0,0.524375,5.0,168,0
1.0,136.0,1.0,1.0,0.024375,1.0,169,0
2.0,63.0,1.0,4.0,0.14,3.0,170,0
3.0,235.2,2.0,3.0,0.119375,2.0,171,0
2.0,1512.0,3.0,4.0,0.24,2.0,173,0
2.0,2510.0,3.0,7.0,0.294375,5.0,175,0
1.0,1890.7,3.0,9.0,0.524375,5.0,176,0
2.0,154.8,1.0,5.0,0.409375,2.0,177,0
1.0,688.45,7.0,7.0,0.294375,5.0,178,0
1.0,570.4,2.0,6.0,0.3275,3.0,179,0
1.0,2169.3,2.0,1.0,0.024375,1.0,180,0
1.0,245.0,5.0,4.0,0.24,2.0,181,0
1.0,245.0,3.0,4.0,0.14,3.0,182,0
3.0,23.0,1.0,3.0,0.069375,3.0,183,0
3.0,41.8,2.0,4.0,0.14,3.0,184,0
5.0,37.0,1.0,7.0,0.144375,7.0,185,0
2.0,34.0,1.0,4.0,0.09,4.0,186,0
1.0,27.4,1.0,1.0,0.024375,1.0,187,0
2.0,19.0,1.0,3.0,0.119375,2.0,188,0
1.0,0.2,1.0,1.0,0.024375,1.0,189,0
27.0,1818.55,8.0,81.0,9.724375,26.0,192,0
1.0,2.0,1.0,1.0,0.024375,1.0,193,0
8.0,300.74,4.0,11.0,0.599375,6.0,194,0
1.0,19.94,1.0,1.0,0.024375,1.0,195,0
2.0,995.8,2.0,2.0,0.0475,2.0,196,0
3.0,146.8,5.0,5.0,0.109375,5.0,199,0
1.0,110.0,2.0,2.0,0.0975,1.0,200,1
1.0,196.3,1.0,3.0,0.219375,1.0,201,0
3.0,57.0,1.0,4.0,0.09,4.0,202,1
1.0,26.4,1.0,1.0,0.024375,1.0,203,0
5.0,47.5,1.0,7.0,0.494375,3.0,204,1
2.0,44.5,4.0,2.0,0.0475,2.0,205,0
1.0,28.2,1.0,1.0,0.024375,1.0,207,0
1.0,83.2,2.0,2.0,0.0475,2.0,208,0
2.0,158.6,3.0,3.0,0.069375,3.0,210,0
1.0,16.64,1.0,1.0,0.024375,1.0,211,1
3.0,131.46,3.0,4.0,0.09,4.0,212,0
1.0,5.0,1.0,1.0,0.024375,1.0,213,0
1.0,30.0,1.0,1.0,0.024375,1.0,214,0
1.0,25.0,1.0,1.0,0.024375,1.0,215,0
1.0,4.99,1.0,1.0,0.024375,1.0,217,0
1.0,89.98,2.0,3.0,0.119375,2.0,218,0
2.0,111.96,3.0,4.0,0.09,4.0,219,0
2.0,1985.0,5.0,2.0,0.0475,2.0,220,0
5.0,18113.0,8.0,32.0,6.16,6.0,221,0
2.0,1601.0,1.0,3.0,0.069375,3.0,222,0
1.0,8709.0,3.0,14.0,1.7775,4.0,224,0
1.0,25393.0,8.0,18.0,7.8975,1.0,225,0
1.0,3889.0,4.0,7.0,0.194375,6.0,226,0
2.0,12595.0,5.0,52.0,25.86,6.0,227,0
3.0,23667.0,4.0,8.0,0.41,4.0,228,0
3.0,21458.0,5.0,47.0,11.044375,9.0,229,0
4.0,19779.0,1.0,52.0,15.71,10.0,230,0
5.0,946.0,1.0,10.0,0.7375,5.0,231,0
2.0,1981.0,1.0,19.0,3.049375,5.0,232,0
5.0,249.5,1.0,26.0,1.6775,11.0,233,0
2.0,970.0,1.0,2.0,0.0475,2.0,234,0
5.0,155.0,1.0,5.0,0.309375,2.0,235,0
10.0,1012.0,1.0,22.0,0.6475,15.0,236,0
11.0,3884.0,3.0,37.0,2.169375,16.0,237,0
2.0,2385.0,1.0,3.0,0.069375,3.0,238,0
23.0,3293.0,4.0,81.0,7.024375,25.0,239,0
12.0,4060.0,2.0,37.0,4.419375,10.0,241,0
27.0,14567.0,8.0,128.0,24.71,24.0,242,0
25.0,13132.0,6.0,105.0,6.184375,28.0,243,0
16.0,7935.0,5.0,52.0,4.46,14.0,244,0
25.0,20196.0,5.0,110.0,26.4375,22.0,245,0
8.0,2442.0,5.0,13.0,0.569375,7.0,246,1
8.0,2793.0,1.0,13.0,0.819375,7.0,247,1
32.0,23019.0,7.0,116.0,8.34,32.0,251,1
17.0,19745.0,5.0,54.0,3.6275,18.0,252,1
9.0,5420.0,5.0,20.0,1.25,10.0,253,1
7.0,12384.0,5.0,12.0,0.71,6.0,254,1
11.0,1098.0,2.0,27.0,2.169375,11.0,255,1
5.0,237.0,2.0,13.0,1.569375,4.0,256,0
22.0,1167.5,3.0,82.0,7.6475,19.0,257,1
15.0,1572.0,1.0,36.0,3.24,11.0,258,1
22.0,6145.0,4.0,105.0,12.134375,28.0,259,0
10.0,3015.0,2.0,49.0,11.874375,11.0,260,1
27.0,8160.0,10.0,150.0,21.2375,26.0,261,1
11.0,4285.0,14.0,19.0,1.799375,9.0,262,0
2.0,1135.0,2.0,3.0,0.069375,3.0,263,1
3.0,2319.0,2.0,4.0,0.24,2.0,264,0
8.0,1471.0,4.0,30.0,1.7875,13.0,265,0
11.0,4164.0,2.0,54.0,7.8275,13.0,266,1
15.0,4566.0,3.0,42.0,2.6975,18.0,267,1
13.0,5557.0,2.0,37.0,3.119375,14.0,268,0
14.0,3450.0,1.0,30.0,1.0875,18.0,269,1
14.0,6860.0,3.0,42.0,1.8475,20.0,270,1
16.0,24133.0,9.0,119.0,22.424375,21.0,271,1
11.0,481.2,3.0,36.0,3.34,11.0,273,1
11.0,9201.0,3.0,19.0,0.949375,11.0,275,1
1.0,462.0,1.0,1.0,0.024375,1.0,276,1
8.0,1986.0,1.0,29.0,14.299375,3.0,277,1
14.0,5054.0,1.0,82.0,14.0975,16.0,278,1
1.0,648.0,2.0,3.0,0.119375,2.0,279,1
4.0,5763.0,5.0,19.0,1.249375,8.0,280,0
2.0,1030.0,2.0,3.0,0.119375,2.0,281,1
11.0,914.4,2.0,29.0,2.749375,13.0,282,1
4.0,1043.0,3.0,10.0,0.2375,9.0,283,1
1.0,2151.0,1.0,1.0,0.024375,1.0,284,1
2.0,3494.0,2.0,10.0,0.9875,3.0,285,1
5.0,3657.0,3.0,23.0,1.244375,12.0,286,1
5.0,4555.0,3.0,16.0,1.34,6.0,287,1
12.0,11884.0,6.0,34.0,1.8275,15.0,288,1
7.0,8974.0,3.0,15.0,0.534375,10.0,289,0
1.0,2121.5,2.0,2.0,0.0975,1.0,290,1
3.0,4002.0,4.0,8.0,0.41,4.0,291,1
3.0,6598.0,3.0,8.0,0.36,5.0,292,1
1.0,373.0,2.0,1.0,0.024375,1.0,294,0
3.0,4777.0,1.0,5.0,0.159375,4.0,295,1
5.0,2133.0,4.0,43.0,7.569375,8.0,296,1
5.0,656.0,1.0,8.0,0.26,6.0,297,0
6.0,642.0,1.0,7.0,0.244375,5.0,298,0
3.0,8130.0,7.0,11.0,2.449375,2.0,299,0
1.0,10.0,2.0,2.0,0.0475,2.0,300,0
1.0,12.0,1.0,3.0,0.219375,1.0,301,1
1.0,14.0,3.0,3.0,0.119375,2.0,302,1
1.0,43.0,5.0,6.0,0.6275,2.0,303,1
3.0,49.0,3.0,7.0,0.244375,5.0,304,1
2.0,35.0,3.0,7.0,0.444375,4.0,305,0
1.0,13.0,1.0,1.0,0.024375,1.0,306,0
1.0,55.0,2.0,5.0,0.409375,2.0,307,1
2.0,27.0,2.0,6.0,0.3275,3.0,308,1
2.0,49.0,9.0,9.0,0.274375,7.0,309,1
1.0,45.0,6.0,8.0,0.51,4.0,310,1
2.0,165.0,8.0,9.0,0.524375,5.0,311,1
1.0,39.0,1.0,1.0,0.024375,1.0,312,1
2.0,15.0,3.0,4.0,0.09,4.0,313,1
1.0,12.0,2.0,2.0,0.0475,2.0,315,1
3.0,26.0,4.0,5.0,0.259375,3.0,316,1
2.0,19821.0,4.0,4.0,0.09,4.0,317,0
1.0,13.0,1.0,1.0,0.024375,1.0,318,1
1.0,159.3,2.0,6.0,0.1775,5.0,320,1
2.0,307.4,3.0,5.0,0.159375,4.0,321,1
1.0,138.2,3.0,3.0,0.119375,2.0,324,0
4.0,647.0,13.0,9.0,0.224375,8.0,331,0
3.0,322.0,6.0,5.0,0.409375,2.0,333,0
2.0,906.0,8.0,15.0,1.234375,6.0,334,0
4.0,369.0,6.0,10.0,0.4375,6.0,335,0
6.0,486.0,6.0,8.0,0.16,8.0,336,0
1.0,21.0,1.0,1.0,0.024375,1.0,337,0
2.0,51.99,1.0,2.0,0.0975,1.0,339,0
1.0,68.99,1.0,3.0,0.219375,1.0,340,0
5.0,154.98,1.0,10.0,1.9875,2.0,341,0
1.0,1113.0,3.0,4.0,0.14,3.0,342,0
1.0,1075.6,4.0,6.0,0.3275,3.0,343,0
1.0,576.0,4.0,5.0,0.309375,2.0,347,0
4.0,944.0,1.0,38.0,1.7975,18.0,348,0
1.0,1608.0,2.0,2.0,0.0475,2.0,349,0
1.0,575.0,2.0,4.0,0.39,1.0,350,0
1.0,116.0,1.0,1.0,0.024375,1.0,352,0
1.0,633.8,3.0,5.0,0.159375,4.0,361,0
1.0,240.0,3.0,16.0,6.24,1.0,369,0
1.0,47.0,1.0,3.0,0.119375,2.0,370,0
2.0,10000.0,5.0,5.0,0.409375,2.0,371,0
4.0,499.7,3.0,6.0,0.3275,3.0,372,0
1.0,4.97,1.0,3.0,0.219375,1.0,373,0
1.0,34.27,1.0,1.0,0.024375,1.0,374,0
1.0,21.0,1.0,1.0,0.024375,1.0,375,0
5.0,84.9,1.0,5.0,0.159375,4.0,377,0
3.0,177.8,2.0,7.0,0.344375,4.0,378,0
9.0,813.7,4.0,39.0,7.224375,7.0,379,0
4.0,43.0,1.0,7.0,0.194375,6.0,380,0
1.0,99.8,2.0,1.0,0.024375,1.0,381,0
1.0,334.0,4.0,5.0,0.159375,4.0,382,0
1.0,874.0,3.0,2.0,0.0475,2.0,383,0
1.0,335.0,1.0,1.0,0.024375,1.0,384,0
4.0,107.0,3.0,9.0,0.974375,3.0,385,0
7.0,2025.5,2.0,11.0,0.999375,5.0,386,0
5.0,187.0,1.0,9.0,0.424375,5.0,387,0
5.0,268.0,2.0,9.0,0.424375,5.0,388,0
8.0,221.0,2.0,16.0,0.89,7.0,389,0
1.0,57.0,2.0,1.0,0.024375,1.0,390,0
1.0,112.0,2.0,1.0,0.024375,1.0,392,0
3.0,138.0,1.0,4.0,0.09,4.0,393,0
2.0,479.4,2.0,6.0,0.3275,3.0,394,0
1.0,85.0,1.0,1.0,0.024375,1.0,396,0
1.0,6874.0,5.0,15.0,1.334375,5.0,397,0
1.0,75.0,1.0,1.0,0.024375,1.0,398,0
1.0,508.0,1.0,1.0,0.024375,1.0,399,0
1.0,1556.0,1.0,3.0,0.219375,1.0,400,0
1.0,376.0,1.0,1.0,0.024375,1.0,401,0
1.0,104.5,1.0,1.0,0.024375,1.0,402,0
2.0,915.0,4.0,4.0,0.14,3.0,403,0
3.0,105.0,7.0,9.0,0.374375,6.0,404,0
1.0,5.0,1.0,1.0,0.024375,1.0,405,0
3.0,356.0,7.0,10.0,0.3875,7.0,406,0
3.0,44.0,1.0,5.0,0.159375,4.0,407,0
3.0,537.0,5.0,18.0,1.2475,8.0,408,0
2.0,346.0,8.0,11.0,0.349375,8.0,409,0
1.0,168.0,6.0,8.0,0.26,6.0,410,0
2.0,436.0,9.0,13.0,0.619375,7.0,411,0
2.0,420.0,6.0,10.0,0.3875,6.0,412,0
2.0,1500.0,7.0,12.0,0.61,7.0,413,0
1.0,4.99,1.0,1.0,0.024375,1.0,414,0
3.0,101.98,4.0,3.0,0.069375,3.0,415,0
4.0,44.94,6.0,6.0,0.1775,5.0,416,0
1.0,6.0,1.0,2.0,0.0975,1.0,417,0
3.0,44.1,1.0,3.0,0.069375,3.0,420,0
2.0,131.3,2.0,7.0,0.494375,3.0,421,0
1.0,48.0,1.0,2.0,0.0475,2.0,422,0
2.0,50.0,1.0,2.0,0.0475,2.0,423,0
1.0,84.0,1.0,1.0,0.024375,1.0,424,0
1.0,8.0,1.0,2.0,0.0975,1.0,425,0
1.0,11.4,1.0,1.0,0.024375,1.0,426,0
1.0,43.0,1.0,1.0,0.024375,1.0,427,0
4.0,986.0,2.0,11.0,0.399375,7.0,428,0
4.0,94.0,1.0,13.0,0.619375,7.0,429,0
3.0,183.0,2.0,3.0,0.069375,3.0,430,0
2.0,180.0,1.0,2.0,0.0975,1.0,431,0
6.0,658.0,1.0,13.0,0.569375,9.0,432,0
1.0,90.0,3.0,1.0,0.024375,1.0,433,0
1.0,150.0,1.0,2.0,0.0975,1.0,434,0
3.0,135.6,3.0,5.0,0.159375,4.0,435,0
7.0,213.5,2.0,17.0,0.594375,11.0,436,0
9.0,414.3,3.0,26.0,1.5775,13.0,437,0
2.0,83.0,1.0,11.0,1.449375,2.0,438,0
1.0,23.0,1.0,1.0,0.024375,1.0,439,0
6.0,221.0,1.0,14.0,0.4275,10.0,440,0
1.0,53.0,1.0,1.0,0.024375,1.0,441,0
8.0,1784.3,5.0,20.0,0.75,12.0,443,1
1.0,94.8,1.0,1.0,0.024375,1.0,444,0
1.0,15.99,1.0,1.0,0.024375,1.0,445,0
1.0,20.0,1.0,1.0,0.024375,1.0,447,0
2.0,599.0,2.0,8.0,0.51,4.0,448,1
3.0,1610.5,2.0,13.0,0.869375,6.0,449,0
2.0,484.0,4.0,11.0,0.699375,5.0,450,0
4.0,159.6,2.0,6.0,0.4275,3.0,451,0
2.0,5990.0,7.0,15.0,1.484375,6.0,455,1
7.0,2386.0,1.0,18.0,0.8475,10.0,456,0
2.0,407.99,2.0,4.0,0.24,2.0,457,0
1.0,103.76,1.0,3.0,0.119375,2.0,458,0
1.0,75.0,1.0,1.0,0.024375,1.0,459,0
2.0,190.0,1.0,3.0,0.119375,2.0,460,0
1.0,121.0,1.0,2.0,0.0475,2.0,461,0
1.0,12.0,2.0,2.0,0.0475,2.0,462,0
1.0,24.0,2.0,4.0,0.19,2.0,463,0
1.0,120.0,1.0,3.0,0.069375,3.0,464,0
2.0,130.0,4.0,7.0,0.194375,6.0,465,0
2.0,984.0,2.0,5.0,0.409375,2.0,466,0
3.0,798.0,1.0,13.0,2.519375,3.0,467,0
3.0,2171.0,2.0,74.0,25.6775,8.0,470,0
3.0,4726.0,1.0,4.0,0.09,4.0,471,0
2.0,5698.0,2.0,21.0,3.099375,6.0,472,0
3.0,11367.0,3.0,25.0,3.784375,8.0,473,0
3.0,24076.0,4.0,39.0,6.274375,11.0,474,0
1.0,613.3,1.0,7.0,0.644375,3.0,475,0
24.0,26120.2,17.0,172.0,107.71,18.0,476,0
5.0,1702.0,2.0,5.0,0.109375,5.0,477,0
3.0,7592.4,7.0,22.0,0.9975,11.0,478,0
4.0,366.0,1.0,13.0,2.019375,5.0,480,0
2.0,3734.4,5.0,8.0,0.31,5.0,481,0
22.0,4963.0,1.0,52.0,2.81,22.0,482,0
10.0,1611.4,2.0,29.0,1.949375,12.0,484,0
9.0,1000.9,2.0,27.0,2.069375,11.0,485,0
5.0,498.0,2.0,7.0,0.144375,7.0,486,0
2.0,213.1,2.0,2.0,0.0475,2.0,487,0
6.0,665.0,1.0,13.0,0.569375,9.0,488,0
3.0,486.7,2.0,6.0,0.2275,4.0,489,0
2.0,54.9,1.0,2.0,0.0475,2.0,490,0
2.0,402.5,4.0,7.0,0.494375,3.0,491,0
4.0,1089.0,6.0,12.0,0.41,9.0,492,0
1.0,5.0,1.0,1.0,0.024375,1.0,493,0
23.0,6983.8,6.0,98.0,14.5475,25.0,494,0
1.0,20.0,1.0,1.0,0.024375,1.0,495,0
1.0,13.0,1.0,1.0,0.024375,1.0,496,0
1.0,70.0,2.0,3.0,0.069375,3.0,497,0
1.0,143.5,1.0,3.0,0.119375,2.0,498,0
4.0,898.0,2.0,4.0,0.24,2.0,499,0
1.0,34.0,1.0,3.0,0.219375,1.0,500,0
3.0,2464.8,5.0,9.0,1.224375,3.0,501,0
1.0,58.4,1.0,2.0,0.0475,2.0,502,0
4.0,1102.4,9.0,21.0,1.049375,9.0,503,0
2.0,76.0,1.0,4.0,0.09,4.0,504,0
8.0,44.6,3.0,12.0,0.56,8.0,505,0
8.0,846.1,1.0,18.0,0.9975,8.0,506,0
2.0,903.0,1.0,3.0,0.119375,2.0,507,0
2.0,358.0,3.0,6.0,0.1775,5.0,508,1
1.0,560.0,7.0,12.0,0.61,6.0,509,0
2.0,259.0,1.0,8.0,0.36,5.0,510,0
1.0,455.0,1.0,6.0,0.4775,2.0,512,0
1.0,159.2,1.0,1.0,0.024375,1.0,513,0
1.0,4.0,1.0,1.0,0.024375,1.0,514,0
1.0,17.0,1.0,2.0,0.0475,2.0,515,0
6.0,2093.0,1.0,33.0,2.444375,12.0,516,0
5.0,463.0,1.0,9.0,0.274375,7.0,517,0
1.0,837.0,2.0,2.0,0.0975,1.0,518,0
2.0,1291.0,3.0,3.0,0.119375,2.0,519,0
1.0,944.0,7.0,9.0,0.524375,4.0,520,0
3.0,1269.0,1.0,15.0,0.784375,8.0,522,0
5.0,1014.0,6.0,14.0,0.5275,9.0,523,0
1.0,29.99,1.0,1.0,0.024375,1.0,524,0
9.0,4990.0,1.0,28.0,2.71,14.0,525,0
2.0,463.5,5.0,11.0,0.449375,7.0,526,0
1.0,273.0,4.0,7.0,0.244375,5.0,527,0
1.0,12.0,1.0,1.0,0.024375,1.0,528,0
1.0,1815.0,1.0,1.0,0.024375,1.0,529,0
2.0,145.0,1.0,2.0,0.0475,2.0,530,0
4.0,973.0,2.0,8.0,0.36,5.0,531,0
2.0,1204.0,2.0,7.0,0.644375,3.0,532,0
3.0,65.0,2.0,3.0,0.219375,1.0,533,0
1.0,12.0,2.0,2.0,0.0975,1.0,534,0
4.0,7207.34,3.0,5.0,0.259375,3.0,535,0
3.0,97.84,2.0,4.0,0.09,4.0,536,1
1.0,7.0,2.0,2.0,0.0975,1.0,537,0
2.0,556.0,1.0,3.0,0.219375,1.0,538,0
29.0,9152.0,5.0,191.0,81.824375,22.0,539,0
2.0,16131.0,4.0,28.0,5.66,6.0,540,0
7.0,680.0,1.0,15.0,0.634375,10.0,541,0
3.0,64.0,2.0,7.0,0.344375,4.0,542,0
4.0,1511.3,1.0,69.0,80.099375,3.0,543,0
4.0,407.5,3.0,32.0,7.01,8.0,544,1
2.0,13.0,3.0,3.0,0.069375,3.0,546,0
7.0,3001.2,1.0,10.0,0.3875,6.0,547,1
2.0,11.0,1.0,3.0,0.119375,2.0,548,0
1.0,16.0,1.0,1.0,0.024375,1.0,549,1
1.0,8.0,1.0,1.0,0.024375,1.0,550,0
2.0,659.0,8.0,10.0,0.6875,4.0,551,0
1.0,1477.0,11.0,16.0,2.39,3.0,552,0
1.0,106.0,2.0,4.0,0.14,3.0,553,0
2.0,5426.0,3.0,3.0,0.219375,1.0,554,0
1.0,273.5,1.0,1.0,0.024375,1.0,555,0
1.0,22.6,1.0,1.0,0.024375,1.0,556,0
4.0,7222.0,1.0,8.0,0.66,4.0,557,0
2.0,726.83,3.0,6.0,0.1775,5.0,558,0
3.0,568.98,2.0,10.0,0.3875,7.0,559,0
1.0,8.0,1.0,1.0,0.024375,1.0,560,0
2.0,16.98,1.0,2.0,0.0475,2.0,561,0
1.0,4.99,1.0,1.0,0.024375,1.0,562,0
7.0,758.0,2.0,17.0,4.844375,3.0,564,0
2.0,151.0,1.0,3.0,0.119375,2.0,565,0
2.0,196.0,1.0,5.0,0.209375,3.0,566,0
7.0,1660.0,2.0,17.0,0.894375,10.0,568,0
10.0,12135.6,13.0,116.0,29.89,14.0,571,0
1.0,64.0,1.0,1.0,0.024375,1.0,572,0
6.0,19147.4,12.0,36.0,3.19,12.0,574,0
3.0,110.0,3.0,3.0,0.069375,3.0,575,0
17.0,3708.5,1.0,120.0,39.85,16.0,576,0
1.0,75.0,1.0,1.0,0.024375,1.0,577,0
14.0,1344.5,4.0,38.0,2.5975,18.0,578,0
13.0,4220.0,3.0,60.0,14.95,13.0,579,1
4.0,1745.0,2.0,32.0,15.01,3.0,580,0
9.0,2022.0,2.0,12.0,0.91,5.0,581,0
5.0,905.0,1.0,7.0,0.294375,4.0,582,0
1.0,23.0,2.0,2.0,0.0975,1.0,583,0
1.0,381.0,1.0,2.0,0.0475,2.0,584,0
1.0,32.0,1.0,1.0,0.024375,1.0,586,0
1.0,5.99,1.0,1.0,0.024375,1.0,587,0
1.0,16.0,1.0,1.0,0.024375,1.0,588,0
3.0,652.0,2.0,7.0,0.144375,7.0,589,0
1.0,12.0,2.0,4.0,0.09,4.0,590,0
1.0,6815.0,4.0,4.0,0.14,3.0,591,0
39.0,7021.0,4.0,309.0,53.349375,33.0,592,0
6.0,967.0,1.0,7.0,0.144375,7.0,596,0
4.0,397.0,1.0,27.0,1.569375,13.0,597,1
4.0,1243.3,2.0,11.0,0.549375,7.0,598,0
1.0,12.0,1.0,1.0,0.024375,1.0,599,0
2.0,716.0,1.0,8.0,0.56,3.0,600,0
9.0,203.0,1.0,20.0,2.3,6.0,602,1
6.0,303.3,5.0,27.0,1.419375,16.0,603,0
6.0,909.0,2.0,21.0,1.049375,11.0,604,1
3.0,226.0,2.0,5.0,0.109375,5.0,605,0
1.0,350.0,1.0,4.0,0.09,4.0,606,0
3.0,155.0,1.0,5.0,0.259375,3.0,607,0
1.0,2.0,1.0,1.0,0.024375,1.0,608,0
19.0,4654.6,6.0,104.0,21.99,20.0,609,0
10.0,670.0,2.0,31.0,7.424375,9.0,610,0
2.0,152.0,3.0,6.0,0.3275,3.0,611,0
3.0,92.0,1.0,9.0,0.424375,5.0,612,0
8.0,538.0,1.0,15.0,0.534375,10.0,613,0
1.0,20.0,1.0,1.0,0.024375,1.0,614,0
4.0,376.0,1.0,15.0,0.584375,10.0,617,0
3.0,340.0,1.0,8.0,0.51,4.0,618,0
5.0,666.0,3.0,10.0,0.6375,5.0,619,0
8.0,269.7,2.0,10.0,0.2875,8.0,620,0
2.0,8.0,1.0,2.0,0.0475,2.0,621,0
2.0,607.0,2.0,4.0,0.09,4.0,622,0
3.0,3272.0,5.0,16.0,1.99,5.0,623,0
4.0,2040.0,2.0,9.0,0.324375,6.0,624,0
3.0,10669.0,4.0,5.0,0.159375,4.0,625,1
5.0,2079.0,4.0,9.0,0.324375,7.0,626,0
2.0,12.0,1.0,2.0,0.0475,2.0,627,0
2.0,2916.0,2.0,11.0,0.649375,5.0,628,0
2.0,20955.0,3.0,97.0,68.694375,7.0,629,0
5.0,2888.0,2.0,13.0,0.469375,8.0,630,0
16.0,2138.0,3.0,32.0,2.36,12.0,631,0
30.0,6918.0,2.0,197.0,34.569375,35.0,632,0
17.0,2719.0,2.0,41.0,14.824375,7.0,633,1
15.0,11104.0,3.0,39.0,1.574375,20.0,634,0
4.0,1609.3,4.0,8.0,0.36,5.0,635,0
2.0,25.0,1.0,2.0,0.0475,2.0,636,0
4.0,583.0,4.0,11.0,0.399375,7.0,637,0
1.0,623.0,3.0,9.0,0.424375,5.0,638,0
1.0,4.0,1.0,1.0,0.024375,1.0,639,0
1.0,175.0,2.0,2.0,0.0975,1.0,640,0
3.0,46.0,1.0,5.0,0.209375,3.0,642,0
11.0,4598.0,1.0,15.0,1.084375,8.0,644,0
1.0,618.0,2.0,4.0,0.24,2.0,646,0
1.0,658.0,8.0,14.0,0.4775,9.0,647,0
5.0,1461.0,3.0,17.0,1.244375,7.0,648,0
1.0,103.0,1.0,4.0,0.19,2.0,649,0
3.0,5012.0,1.0,20.0,1.9,6.0,650,0
4.0,18555.0,3.0,19.0,1.499375,8.0,651,0
5.0,6923.0,2.0,8.0,0.31,5.0,652,0
5.0,23138.0,14.0,39.0,4.874375,13.0,653,0
15.0,6809.97,5.0,42.0,2.6975,19.0,654,0
1.0,401.0,5.0,6.0,0.2775,4.0,655,0
3.0,101.0,1.0,6.0,0.1775,5.0,656,0
2.0,676.0,4.0,10.0,0.4375,6.0,657,0
5.0,864.0,2.0,7.0,0.244375,5.0,658,0
1.0,42.45,1.0,3.0,0.069375,3.0,659,0
4.0,5102.0,3.0,27.0,1.969375,12.0,660,0
14.0,28943.0,11.0,26.0,1.1275,13.0,661,0
20.0,5698.0,4.0,58.0,9.9975,11.0,662,0
29.0,5220.0,5.0,150.0,33.7375,23.0,663,0
3.0,204.0,3.0,7.0,0.344375,4.0,664,0
1.0,160.0,3.0,2.0,0.0975,1.0,665,0
1.0,437.1,1.0,3.0,0.069375,3.0,666,0
42.0,8617.3,5.0,437.0,86.819375,38.0,668,0
37.0,6229.0,3.0,352.0,62.41,39.0,669,0
40.0,8137.0,4.0,254.0,27.8275,39.0,670,0
41.0,12115.0,4.0,294.0,24.7275,39.0,671,0
26.0,22315.0,11.0,231.0,26.724375,36.0,672,0
41.0,12522.2,4.0,225.0,112.234375,36.0,674,0
35.0,14600.5,6.0,247.0,31.444375,36.0,675,0
29.0,11981.0,5.0,166.0,16.8775,34.0,676,0
34.0,18152.7,7.0,152.0,6.21,38.0,677,0
20.0,7178.0,4.0,75.0,2.359375,30.0,678,1
1.0,20.0,1.0,1.0,0.024375,1.0,679,1
26.0,3741.0,3.0,77.0,8.969375,19.0,680,1
16.0,3469.0,1.0,38.0,4.3475,11.0,681,1
35.0,11108.0,9.0,141.0,21.199375,26.0,682,1
3.0,39.0,1.0,5.0,0.409375,2.0,683,0
6.0,339.0,2.0,8.0,0.31,6.0,684,0
1.0,333.5,1.0,2.0,0.0975,1.0,685,1
1.0,28.0,1.0,1.0,0.024375,1.0,686,0
8.0,2230.0,3.0,29.0,1.949375,12.0,687,1
4.0,1198.7,6.0,14.0,0.6775,8.0,688,1
3.0,1186.0,5.0,12.0,0.36,9.0,689,1
1.0,4193.0,2.0,22.0,5.3975,3.0,690,1
17.0,11013.6,13.0,85.0,12.609375,20.0,691,1
16.0,3786.5,3.0,72.0,8.01,21.0,692,1
5.0,4770.0,5.0,26.0,2.1275,8.0,693,1
6.0,7029.2,4.0,18.0,0.7975,10.0,694,0
8.0,29265.0,17.0,123.0,48.519375,10.0,695,1
3.0,917.0,1.0,7.0,0.144375,7.0,696,0
4.0,2731.4,2.0,20.0,2.8,7.0,697,0
9.0,270.5,6.0,16.0,0.69,10.0,698,1
2.0,1023.0,1.0,3.0,0.119375,2.0,699,0
21.0,7980.5,6.0,85.0,6.459375,21.0,700,0
1.0,92.0,1.0,1.0,0.024375,1.0,701,1
1.0,147.0,1.0,2.0,0.0475,2.0,702,1
4.0,408.0,1.0,5.0,0.159375,4.0,703,1
1.0,35.0,1.0,1.0,0.024375,1.0,704,1
1.0,70.0,1.0,1.0,0.024375,1.0,705,1
1.0,99.0,1.0,1.0,0.024375,1.0,706,1
1.0,30.0,1.0,2.0,0.0475,2.0,707,1
1.0,160.0,3.0,3.0,0.069375,3.0,708,1
6.0,4075.8,3.0,63.0,18.894375,10.0,709,1
21.0,5558.0,4.0,111.0,12.924375,24.0,710,1
8.0,2221.0,1.0,11.0,0.349375,8.0,711,1
3.0,2927.0,4.0,17.0,1.494375,6.0,712,1
1.0,383.5,1.0,6.0,0.1775,5.0,713,0
1.0,142.7,2.0,1.0,0.024375,1.0,714,0
3.0,259.2,7.0,9.0,0.324375,7.0,715,0
1.0,4.0,1.0,1.0,0.024375,1.0,716,0
5.0,113.2,1.0,10.0,0.4875,5.0,717,0
1.0,29.8,1.0,1.0,0.024375,1.0,718,1
2.0,93.6,1.0,8.0,1.21,2.0,719,0
3.0,1253.0,1.0,13.0,0.419375,9.0,720,0
2.0,454.0,4.0,9.0,0.624375,4.0,721,0
1.0,338.0,6.0,9.0,0.674375,3.0,722,0
1.0,208.0,2.0,4.0,0.24,2.0,723,0
27.0,28534.0,10.0,80.0,4.7,25.0,724,0
1.0,408.0,4.0,16.0,1.04,7.0,725,0
3.0,115.0,2.0,3.0,0.119375,2.0,726,0
13.0,3648.7,2.0,100.0,9.1,25.0,727,0
14.0,4937.0,4.0,38.0,2.3475,18.0,728,0
15.0,2815.2,2.0,43.0,2.369375,18.0,730,0
1.0,5000.0,1.0,1.0,0.024375,1.0,731,0
5.0,1530.2,1.0,19.0,3.849375,3.0,732,0
7.0,310.0,1.0,14.0,0.7275,7.0,733,0
3.0,311.25,5.0,7.0,0.294375,4.0,734,0
2.0,2611.0,1.0,5.0,0.159375,4.0,735,0
6.0,8623.0,3.0,12.0,0.41,9.0,736,0
1.0,6.0,1.0,2.0,0.0975,1.0,737,0
22.0,1390.0,4.0,76.0,5.84,26.0,738,0
30.0,3227.0,2.0,144.0,11.04,30.0,739,0
35.0,5284.0,4.0,229.0,19.349375,37.0,740,0
1.0,6.0,1.0,1.0,0.024375,1.0,741,1
9.0,1275.0,5.0,38.0,3.2475,14.0,744,0
3.0,854.0,1.0,11.0,0.449375,7.0,746,0
4.0,167.0,2.0,5.0,0.259375,3.0,747,0
7.0,936.0,2.0,14.0,0.6775,8.0,748,1
5.0,481.0,2.0,9.0,0.224375,8.0,749,0
5.0,3561.0,4.0,20.0,1.3,9.0,750,0
10.0,4675.0,4.0,25.0,0.984375,14.0,751,0
9.0,4245.0,1.0,17.0,0.794375,10.0,752,0
12.0,29070.0,18.0,36.0,1.69,17.0,753,0
7.0,5403.0,4.0,17.0,1.194375,8.0,754,0
3.0,7000.0,1.0,27.0,8.219375,6.0,755,0
6.0,1024.0,1.0,8.0,0.26,6.0,756,0
2.0,849.0,2.0,3.0,0.119375,2.0,759,1
1.0,1110.0,3.0,3.0,0.219375,1.0,760,1
4.0,96.4,1.0,9.0,1.274375,2.0,761,1
20.0,7080.0,8.0,87.0,16.794375,16.0,762,1
12.0,6408.0,8.0,41.0,5.474375,16.0,763,1
11.0,4299.0,6.0,30.0,2.1375,13.0,764,1
12.0,4884.0,2.0,15.0,0.484375,11.0,766,1
11.0,5293.0,8.0,23.0,1.194375,12.0,767,1
27.0,5927.0,5.0,114.0,14.0275,23.0,768,1
24.0,5366.0,6.0,94.0,10.1275,25.0,769,1
26.0,3488.0,5.0,53.0,3.369375,20.0,770,1
15.0,1112.0,3.0,39.0,3.124375,17.0,771,1
2.0,265.0,1.0,15.0,2.334375,3.0,772,0
6.0,680.0,3.0,23.0,2.644375,9.0,773,0
5.0,1085.0,2.0,10.0,0.4875,7.0,774,0
5.0,1086.0,1.0,7.0,0.194375,6.0,775,1
4.0,700.0,1.0,7.0,0.194375,6.0,776,0
1.0,110.0,1.0,2.0,0.0975,1.0,777,0
15.0,13439.0,6.0,36.0,2.69,12.0,778,0
12.0,4734.0,3.0,26.0,0.9775,17.0,779,0
2.0,609.0,1.0,2.0,0.0475,2.0,780,0
13.0,8713.0,1.0,21.0,0.549375,15.0,781,0
2.0,1089.0,1.0,2.0,0.0475,2.0,782,0
2.0,25207.0,5.0,5.0,0.109375,5.0,783,0
1.0,288.0,1.0,3.0,0.069375,3.0,784,0
1.0,237.0,1.0,1.0,0.024375,1.0,785,0
1.0,293.0,1.0,1.0,0.024375,1.0,786,0
3.0,1289.0,4.0,5.0,0.109375,5.0,787,0
6.0,5302.0,3.0,26.0,1.5275,11.0,788,0
8.0,15189.0,5.0,31.0,1.924375,15.0,790,1
4.0,3927.0,3.0,21.0,0.799375,12.0,791,0
8.0,10583.0,2.0,33.0,1.694375,15.0,792,0
4.0,5458.0,3.0,10.0,0.6375,5.0,793,0
4.0,6647.0,4.0,15.0,0.784375,8.0,794,1
9.0,10305.0,7.0,178.0,38.7475,29.0,795,0
9.0,2375.0,4.0,35.0,3.309375,12.0,796,0
3.0,21920.0,8.0,10.0,0.5375,6.0,797,0
3.0,522.0,3.0,6.0,0.2275,4.0,798,0
1.0,1312.0,4.0,4.0,0.24,2.0,799,0
1.0,500.0,2.0,2.0,0.0975,1.0,800,0
4.0,2014.0,3.0,12.0,0.31,10.0,801,0
1.0,576.0,2.0,4.0,0.39,1.0,802,0
3.0,1421.0,2.0,9.0,0.524375,4.0,803,0
17.0,6918.0,3.0,44.0,1.79,20.0,804,0
19.0,17005.0,6.0,54.0,2.5775,26.0,805,0
7.0,3237.0,3.0,11.0,0.299375,9.0,806,0
5.0,6364.0,5.0,10.0,0.7375,5.0,807,0
9.0,2548.0,2.0,58.0,18.5975,9.0,810,0
10.0,15454.0,1.0,36.0,1.69,19.0,811,0
1.0,10.0,1.0,1.0,0.024375,1.0,812,0
2.0,2514.2,1.0,15.0,4.134375,3.0,813,1
1.0,710.0,2.0,19.0,2.549375,5.0,814,0
1.0,3797.32,1.0,9.0,0.974375,2.0,815,0
4.0,46.0,1.0,5.0,0.159375,4.0,816,0
1.0,797.0,2.0,6.0,0.2275,4.0,817,0
2.0,7.7,1.0,2.0,0.0475,2.0,818,0
1.0,163.0,2.0,4.0,0.09,4.0,819,0
1.0,67.0,1.0,1.0,0.024375,1.0,820,1
1.0,101.0,3.0,2.0,0.0475,2.0,821,0
2.0,17.0,1.0,3.0,0.119375,2.0,822,0
2.0,193.0,3.0,5.0,0.159375,4.0,823,1
1.0,305.4,4.0,2.0,0.0975,1.0,824,1
2.0,170.0,1.0,4.0,0.09,4.0,825,1
7.0,3576.0,2.0,20.0,0.9,11.0,826,0
3.0,15375.0,14.0,16.0,1.09,9.0,828,0
1.0,220.0,1.0,2.0,0.0475,2.0,829,0
3.0,15670.0,7.0,12.0,0.61,6.0,831,0
2.0,14415.0,4.0,5.0,0.159375,4.0,832,0
1.0,341.0,1.0,2.0,0.0975,1.0,833,0
1.0,32605.0,7.0,7.0,0.494375,3.0,834,0
2.0,14368.0,6.0,3.0,0.069375,3.0,835,1
14.0,15072.0,4.0,18.0,0.8975,9.0,837,0
5.0,11117.0,5.0,9.0,0.374375,6.0,838,0
14.0,28599.0,7.0,45.0,2.209375,19.0,839,1
8.0,28457.0,9.0,20.0,0.85,12.0,840,1
1.0,18981.0,5.0,3.0,0.119375,2.0,841,1
1.0,363.34,1.0,2.0,0.0475,2.0,842,1
1.0,705.5,1.0,2.0,0.0475,2.0,843,1
1.0,685.0,12.0,14.0,0.8775,7.0,844,1
1.0,680.0,11.0,12.0,0.61,6.0,845,1
7.0,1061.0,2.0,12.0,0.61,7.0,846,1
2.0,327.0,1.0,10.0,1.2375,2.0,847,1
1.0,278.0,3.0,5.0,0.409375,2.0,848,1
4.0,1556.0,2.0,17.0,1.044375,11.0,849,1
5.0,4509.0,2.0,16.0,0.59,11.0,850,1
12.0,960.0,1.0,31.0,2.024375,15.0,851,1
15.0,3493.0,5.0,59.0,6.399375,21.0,852,1
11.0,1686.0,3.0,19.0,1.399375,11.0,853,1
13.0,5538.0,1.0,34.0,2.0775,15.0,854,0
12.0,7226.0,5.0,19.0,0.699375,12.0,855,0
11.0,12617.0,3.0,28.0,2.46,10.0,856,0
10.0,1023.0,1.0,29.0,1.849375,14.0,857,0
1.0,58.4,1.0,4.0,0.14,3.0,858,0
2.0,129.0,1.0,2.0,0.0475,2.0,859,0
1.0,119.8,1.0,1.0,0.024375,1.0,860,0
15.0,1038.55,4.0,66.0,5.2775,24.0,861,1
11.0,4236.0,4.0,46.0,8.4775,12.0,862,1
1.0,8.0,1.0,1.0,0.024375,1.0,863,1
1.0,8.0,1.0,1.0,0.024375,1.0,864,1
1.0,8.0,1.0,1.0,0.024375,1.0,865,0
1.0,8.0,1.0,1.0,0.024375,1.0,866,1
1.0,8.0,1.0,1.0,0.024375,1.0,867,1
3.0,3545.0,2.0,15.0,0.734375,7.0,868,1
1.0,200.0,1.0,1.0,0.024375,1.0,869,1
1.0,363.0,1.0,3.0,0.069375,3.0,870,1
14.0,1005.9,5.0,47.0,3.344375,16.0,871,1
1.0,792.0,2.0,5.0,0.409375,2.0,872,1
3.0,8479.0,4.0,7.0,0.194375,6.0,873,1
4.0,2904.0,1.0,6.0,0.2275,4.0,874,1
1.0,85.2,1.0,1.0,0.024375,1.0,875,1
5.0,4398.0,5.0,17.0,0.994375,9.0,876,1
1.0,552.3,1.0,1.0,0.024375,1.0,877,1
1.0,63.4,1.0,1.0,0.024375,1.0,878,1
3.0,109.5,1.0,3.0,0.069375,3.0,879,1
1.0,680.0,4.0,5.0,0.159375,4.0,880,1
1.0,680.0,4.0,5.0,0.159375,4.0,881,1
10.0,2555.0,3.0,76.0,11.69,17.0,882,1
20.0,3936.0,4.0,65.0,9.634375,11.0,883,1
3.0,475.5,1.0,3.0,0.069375,3.0,884,1
1.0,32.0,1.0,1.0,0.024375,1.0,885,1
1.0,39.0,2.0,2.0,0.0475,2.0,886,1
5.0,1255.0,1.0,12.0,0.96,4.0,887,1
3.0,2035.0,7.0,9.0,0.374375,5.0,888,1
2.0,3209.0,4.0,5.0,0.209375,3.0,889,1
3.0,1683.0,7.0,13.0,0.769375,6.0,890,1
3.0,1304.0,2.0,13.0,2.619375,2.0,891,1
1.0,16.0,1.0,2.0,0.0975,1.0,892,1
1.0,7.0,1.0,1.0,0.024375,1.0,893,1
1.0,55.0,1.0,4.0,0.14,3.0,894,1
1.0,13.7,1.0,1.0,0.024375,1.0,895,0
2.0,46.5,1.0,2.0,0.0475,2.0,896,1
6.0,271.0,2.0,9.0,0.374375,6.0,897,1
6.0,4071.0,3.0,29.0,3.999375,10.0,898,0
4.0,3928.0,4.0,16.0,0.94,9.0,899,1
1.0,131.0,2.0,2.0,0.0975,1.0,900,1
2.0,536.0,1.0,3.0,0.119375,2.0,901,1
12.0,789.5,1.0,41.0,21.974375,3.0,902,1
3.0,33.6,1.0,4.0,0.09,4.0,903,1
1.0,2.0,1.0,1.0,0.024375,1.0,904,1
7.0,3292.0,2.0,18.0,1.4475,8.0,905,1
5.0,611.0,1.0,7.0,0.894375,2.0,906,1
1.0,80.0,1.0,1.0,0.024375,1.0,907,1
1.0,102.0,1.0,1.0,0.024375,1.0,908,1
1.0,110.0,1.0,1.0,0.024375,1.0,909,1
1.0,104.0,1.0,1.0,0.024375,1.0,910,0
2.0,25.1,1.0,2.0,0.0475,2.0,911,0
2.0,5.0,2.0,3.0,0.069375,3.0,912,0
2.0,3816.0,2.0,2.0,0.0475,2.0,913,0
1.0,15.0,1.0,1.0,0.024375,1.0,914,0
5.0,445.0,2.0,12.0,0.31,10.0,915,0
2.0,10.0,1.0,3.0,0.119375,2.0,916,0
23.0,10637.0,10.0,102.0,11.5475,24.0,917,0
1.0,2.0,1.0,1.0,0.024375,1.0,918,0
1.0,2.0,1.0,1.0,0.024375,1.0,919,0
11.0,4153.0,2.0,37.0,2.269375,16.0,920,0
4.0,4326.0,2.0,13.0,0.569375,7.0,921,0
1.0,9.96,1.0,1.0,0.024375,1.0,922,0
2.0,146.0,1.0,2.0,0.0475,2.0,923,0
1.0,2.0,1.0,1.0,0.024375,1.0,925,0
1.0,2.0,1.0,1.0,0.024375,1.0,926,0
5.0,979.2,2.0,8.0,0.46,5.0,928,1
2.0,344.0,1.0,2.0,0.0475,2.0,929,0
16.0,10410.0,9.0,59.0,4.749375,19.0,930,0
7.0,24932.0,9.0,20.0,0.8,12.0,933,0
1.0,20.79,2.0,1.0,0.024375,1.0,934,1
2.0,4212.0,2.0,8.0,0.71,3.0,935,1
2.0,3545.0,2.0,13.0,1.569375,4.0,936,1
3.0,2491.0,2.0,12.0,1.16,3.0,937,1
4.0,3729.0,1.0,30.0,3.8875,9.0,939,1
2.0,284.5,2.0,11.0,2.449375,2.0,941,0
1.0,3672.0,1.0,2.0,0.0975,1.0,942,1
8.0,2960.0,2.0,28.0,2.41,12.0,943,0
12.0,2570.0,2.0,19.0,1.149375,8.0,944,0
5.0,2295.0,1.0,13.0,0.369375,10.0,945,1
1.0,375.0,1.0,1.0,0.024375,1.0,947,1
2.0,18907.0,9.0,117.0,284.319375,4.0,948,0
2.0,1330.0,2.0,7.0,0.444375,4.0,949,0
1.0,89.0,1.0,1.0,0.024375,1.0,951,0
3.0,1710.0,3.0,8.0,0.91,3.0,952,0
4.0,830.0,1.0,12.0,1.46,3.0,953,1
3.0,405.0,5.0,5.0,0.159375,4.0,954,0
1.0,11.0,3.0,2.0,0.0475,2.0,955,0
1.0,2.0,1.0,1.0,0.024375,1.0,956,0
1.0,2.0,1.0,1.0,0.024375,1.0,957,1
1.0,4.0,1.0,1.0,0.024375,1.0,959,1
1.0,4.0,1.0,1.0,0.024375,1.0,960,1
1.0,4.0,1.0,1.0,0.024375,1.0,961,1
1.0,8.0,1.0,1.0,0.024375,1.0,962,1
1.0,8.0,1.0,1.0,0.024375,1.0,963,1
1.0,24.0,1.0,1.0,0.024375,1.0,964,1
1.0,2664.0,2.0,12.0,3.51,1.0,965,0
7.0,5592.0,5.0,19.0,1.099375,9.0,966,0
5.0,1222.0,1.0,14.0,1.0775,6.0,967,0
3.0,1410.0,1.0,9.0,0.524375,4.0,968,0
3.0,2159.0,2.0,7.0,0.444375,4.0,969,1
8.0,5362.0,2.0,18.0,1.2475,8.0,970,0
10.0,3934.0,1.0,17.0,0.794375,12.0,971,0
8.0,6876.0,4.0,18.0,0.9475,10.0,972,0
1.0,652.0,1.0,1.0,0.024375,1.0,973,0
1.0,66.4,1.0,2.0,0.0975,1.0,974,0
1.0,148.0,1.0,1.0,0.024375,1.0,975,0
1.0,982.0,2.0,10.0,1.3875,2.0,977,0
3.0,268.0,1.0,7.0,0.694375,2.0,978,0
1.0,51.0,1.0,2.0,0.0975,1.0,979,0
2.0,108.4,2.0,5.0,0.259375,3.0,980,0
6.0,6878.0,3.0,11.0,0.799375,5.0,981,0
7.0,14737.0,3.0,23.0,2.394375,5.0,982,1
4.0,91.0,1.0,8.0,0.51,4.0,983,0
1.0,47.0,1.0,2.0,0.0475,2.0,984,0
1.0,27.0,1.0,1.0,0.024375,1.0,985,0
1.0,85.0,1.0,2.0,0.0975,1.0,986,0
1.0,19.98,1.0,1.0,0.024375,1.0,987,0
1.0,19.96,1.0,1.0,0.024375,1.0,988,0
1.0,264.8,1.0,4.0,0.24,2.0,989,0
2.0,903.6,3.0,9.0,0.374375,6.0,990,0
2.0,21.0,2.0,3.0,0.069375,3.0,991,1
1.0,59.99,1.0,1.0,0.024375,1.0,992,0
2.0,19.98,2.0,3.0,0.119375,2.0,993,0
2.0,443.0,1.0,5.0,0.409375,2.0,994,0
2.0,68.0,4.0,5.0,0.209375,3.0,995,0
1.0,49.96,1.0,1.0,0.024375,1.0,996,0
1.0,12.0,1.0,2.0,0.0975,1.0,997,1
3.0,185.0,1.0,5.0,0.159375,4.0,998,1
2.0,2140.0,2.0,8.0,1.21,2.0,999,1
2.0,210.0,1.0,4.0,0.24,2.0,1000,1
1.0,19.97,4.0,2.0,0.0475,2.0,1001,0
1.0,9757.0,2.0,2.0,0.0975,1.0,1002,0
1.0,169.2,1.0,4.0,0.14,3.0,1004,0
1.0,2.0,1.0,1.0,0.024375,1.0,1005,0
1.0,2.0,1.0,1.0,0.024375,1.0,1006,0
1.0,2.0,1.0,1.0,0.024375,1.0,1007,0
1.0,2.0,1.0,1.0,0.024375,1.0,1008,0
3.0,2623.5,2.0,5.0,0.309375,2.0,1009,0
1.0,72.0,2.0,2.0,0.0975,1.0,1010,0
1.0,4.9,1.0,1.0,0.024375,1.0,1011,0
6.0,1618.0,3.0,11.0,1.049375,4.0,1012,0
1.0,93.0,1.0,1.0,0.024375,1.0,1013,0
2.0,194.0,4.0,5.0,0.159375,4.0,1014,1
3.0,3941.0,4.0,10.0,0.6375,5.0,1015,0
8.0,527.0,2.0,19.0,2.249375,8.0,1016,0
1.0,3.0,2.0,2.0,0.0975,1.0,1017,0
1.0,3.0,2.0,2.0,0.0975,1.0,1018,0
1.0,4.99,1.0,1.0,0.024375,1.0,1019,0
1.0,14.99,1.0,1.0,0.024375,1.0,1020,0
1.0,2.0,1.0,1.0,0.024375,1.0,1021,1
1.0,12.0,1.0,1.0,0.024375,1.0,1022,0
1.0,12.0,1.0,1.0,0.024375,1.0,1023,1
1.0,4.0,1.0,1.0,0.024375,1.0,1024,0
21.0,4605.5,4.0,102.0,29.2975,13.0,1025,0
2.0,41.0,4.0,5.0,0.159375,4.0,1026,0
3.0,43.7,1.0,5.0,0.109375,5.0,1028,1
2.0,1070.0,1.0,2.0,0.0475,2.0,1029,0
2.0,156.0,1.0,4.0,0.09,4.0,1030,0
4.0,10982.0,1.0,8.0,0.51,4.0,1031,1
1.0,99.0,2.0,2.0,0.0975,1.0,1032,0
6.0,3944.0,7.0,15.0,0.384375,12.0,1033,0
5.0,1193.0,1.0,6.0,0.1775,5.0,1034,0
1.0,6435.0,4.0,23.0,3.894375,6.0,1035,0
1.0,55.0,1.0,1.0,0.024375,1.0,1036,0
1.0,270.0,1.0,1.0,0.024375,1.0,1037,0
1.0,50.28,3.0,2.0,0.0475,2.0,1038,0
1.0,378.0,1.0,1.0,0.024375,1.0,1039,0
7.0,4288.0,3.0,20.0,2.85,6.0,1040,0
1.0,100.0,1.0,1.0,0.024375,1.0,1041,1
2.0,3664.0,7.0,5.0,0.259375,3.0,1042,0
3.0,422.0,2.0,5.0,0.159375,4.0,1043,0
1.0,14.0,1.0,2.0,0.0975,1.0,1045,1
1.0,16.0,1.0,2.0,0.0975,1.0,1046,0
1.0,10.8,1.0,1.0,0.024375,1.0,1047,0
1.0,30.0,1.0,4.0,0.39,1.0,1048,0
2.0,344.0,2.0,2.0,0.0475,2.0,1049,0
1.0,75.0,1.0,1.0,0.024375,1.0,1050,0
1.0,604.35,1.0,1.0,0.024375,1.0,1051,0
4.0,956.0,2.0,5.0,0.159375,4.0,1052,0
2.0,79.0,3.0,3.0,0.119375,2.0,1054,0
2.0,155.0,8.0,8.0,0.96,2.0,1055,0
1.0,17.0,1.0,1.0,0.024375,1.0,1056,0
1.0,30.0,2.0,2.0,0.0475,2.0,1057,0
1.0,21.9,1.0,1.0,0.024375,1.0,1058,0
8.0,4509.0,1.0,27.0,4.919375,6.0,1059,0
1.0,23.0,1.0,1.0,0.024375,1.0,1060,0
1.0,18.0,1.0,1.0,0.024375,1.0,1061,0
1.0,7.0,1.0,1.0,0.024375,1.0,1062,0
1.0,4.0,1.0,1.0,0.024375,1.0,1063,0
1.0,20.0,1.0,1.0,0.024375,1.0,1064,0
1.0,20.45,2.0,3.0,0.119375,2.0,1065,0
3.0,1694.0,3.0,6.0,0.2775,4.0,1066,0
5.0,625.0,2.0,7.0,0.494375,3.0,1067,0
3.0,50.7,5.0,9.0,0.674375,5.0,1068,0
2.0,104.0,3.0,4.0,0.24,2.0,1069,0
1.0,50.0,2.0,1.0,0.024375,1.0,1070,0
8.0,2165.0,2.0,35.0,26.509375,3.0,1071,0
1.0,2.0,1.0,1.0,0.024375,1.0,1072,0
1.0,2.0,1.0,1.0,0.024375,1.0,1073,0
1.0,895.0,6.0,14.0,1.4275,4.0,1074,0
4.0,6092.0,2.0,22.0,2.8475,5.0,1075,0
2.0,1459.0,1.0,4.0,0.19,2.0,1076,0
1.0,1117.0,3.0,2.0,0.0975,1.0,1077,0
1.0,872.0,1.0,4.0,0.09,4.0,1078,0
1.0,340.0,1.0,2.0,0.0475,2.0,1079,0
1.0,388.8,2.0,2.0,0.0475,2.0,1080,0
1.0,373.3,2.0,2.0,0.0475,2.0,1081,0
1.0,39.99,1.0,1.0,0.024375,1.0,1082,0
1.0,593.0,1.0,1.0,0.024375,1.0,1083,0
5.0,216.0,3.0,9.0,0.674375,3.0,1084,0
6.0,572.0,1.0,12.0,0.81,6.0,1085,0
1.0,6.0,1.0,1.0,0.024375,1.0,1087,0
1.0,6.0,1.0,1.0,0.024375,1.0,1088,0
1.0,48.0,1.0,1.0,0.024375,1.0,1089,0
1.0,409.8,1.0,1.0,0.024375,1.0,1090,0
1.0,120.0,2.0,1.0,0.024375,1.0,1091,0
3.0,159.0,1.0,3.0,0.069375,3.0,1092,0
6.0,461.0,1.0,25.0,2.084375,8.0,1093,0
2.0,54.0,2.0,2.0,0.0475,2.0,1094,0
5.0,2849.0,1.0,7.0,0.194375,6.0,1095,0
2.0,125.0,2.0,2.0,0.0975,1.0,1096,0
1.0,338.0,5.0,5.0,0.409375,2.0,1098,0
3.0,482.1,5.0,11.0,1.599375,4.0,1099,0
1.0,62.0,1.0,1.0,0.024375,1.0,1102,0
1.0,6.0,1.0,1.0,0.024375,1.0,1103,0
1.0,51.0,1.0,1.0,0.024375,1.0,1104,0
1.0,16.0,1.0,1.0,0.024375,1.0,1105,0
1.0,5.0,1.0,1.0,0.024375,1.0,1106,0
1.0,44.8,1.0,1.0,0.024375,1.0,1107,0
1.0,541.0,1.0,1.0,0.024375,1.0,1108,0
1.0,487.0,3.0,2.0,0.0475,2.0,1109,0
1.0,10.0,1.0,1.0,0.024375,1.0,1110,0
1.0,1951.0,2.0,5.0,0.409375,2.0,1111,0
1.0,15.0,1.0,1.0,0.024375,1.0,1112,0
1.0,10.0,1.0,1.0,0.024375,1.0,1114,0
1.0,10.0,1.0,1.0,0.024375,1.0,1115,0
1.0,15.0,1.0,1.0,0.024375,1.0,1116,0
2.0,75.0,1.0,2.0,0.0975,1.0,1117,0
2.0,90.0,2.0,2.0,0.0475,2.0,1118,0
1.0,2.0,1.0,1.0,0.024375,1.0,1119,0
2.0,3639.0,3.0,5.0,0.209375,3.0,1121,0
1.0,13095.0,1.0,1.0,0.024375,1.0,1123,0
1.0,22.8,1.0,1.0,0.024375,1.0,1124,0
9.0,451.0,2.0,16.0,1.34,6.0,1125,0
9.0,8778.0,1.0,20.0,1.1,9.0,1126,0
1.0,29.98,1.0,1.0,0.024375,1.0,1127,0
1.0,8.0,1.0,2.0,0.0975,1.0,1128,0
1.0,4.0,1.0,1.0,0.024375,1.0,1129,0
1.0,16.0,2.0,3.0,0.119375,2.0,1130,0
1.0,4.0,1.0,1.0,0.024375,1.0,1131,0
1.0,16.0,3.0,5.0,0.609375,1.0,1132,0
1.0,8.0,1.0,2.0,0.0975,1.0,1133,0
1.0,4.0,1.0,1.0,0.024375,1.0,1134,0
1.0,4.0,1.0,1.0,0.024375,1.0,1135,0
1.0,4.0,1.0,1.0,0.024375,1.0,1136,0
1.0,8.0,1.0,2.0,0.0975,1.0,1137,0
1.0,4.0,1.0,1.0,0.024375,1.0,1138,0
1.0,4.0,1.0,1.0,0.024375,1.0,1139,0
1.0,4.0,1.0,1.0,0.024375,1.0,1140,0
1.0,4.0,1.0,1.0,0.024375,1.0,1141,0
1.0,4.0,1.0,1.0,0.024375,1.0,1142,0
1.0,50.0,1.0,1.0,0.024375,1.0,1143,0
1.0,300.0,1.0,1.0,0.024375,1.0,1144,0
1.0,497.0,1.0,1.0,0.024375,1.0,1145,0
1.0,3.0,3.0,3.0,0.119375,2.0,1146,0
1.0,4.99,1.0,1.0,0.024375,1.0,1148,0
1.0,4.99,1.0,1.0,0.024375,1.0,1149,0
1.0,24.0,1.0,1.0,0.024375,1.0,1150,0
1.0,4.98,1.0,1.0,0.024375,1.0,1151,0
1.0,13.0,1.0,2.0,0.0475,2.0,1152,0
1.0,600.0,2.0,2.0,0.0475,2.0,1153,0
2.0,2930.0,1.0,2.0,0.0975,1.0,1154,1
2.0,200.0,1.0,3.0,0.119375,2.0,1155,0
1.0,86.0,2.0,2.0,0.0475,2.0,1156,0
1.0,395.0,2.0,2.0,0.0475,2.0,1158,0
1.0,8.0,1.0,1.0,0.024375,1.0,1160,0
1.0,89.0,2.0,4.0,0.14,3.0,1162,0
1.0,69.0,2.0,2.0,0.0475,2.0,1163,0
1.0,53.0,2.0,2.0,0.0475,2.0,1164,0
1.0,1405.0,1.0,2.0,0.0975,1.0,1165,0
1.0,19.99,1.0,1.0,0.024375,1.0,1166,0
1.0,2374.0,1.0,1.0,0.024375,1.0,1167,0
1.0,366.0,1.0,1.0,0.024375,1.0,1168,0
5.0,3771.0,1.0,6.0,0.1775,5.0,1169,0
4.0,2098.0,2.0,10.0,0.5875,5.0,1170,0
1.0,21933.0,16.0,122.0,249.3975,5.0,1171,0
1.0,594.7,2.0,1.0,0.024375,1.0,1172,0
1.0,140.0,1.0,1.0,0.024375,1.0,1173,0
1.0,217.0,1.0,1.0,0.024375,1.0,1174,0
7.0,1134.0,1.0,12.0,2.96,2.0,1175,0
1.0,6958.0,4.0,4.0,0.39,1.0,1176,0
8.0,3475.0,3.0,18.0,1.5975,6.0,1177,0
11.0,2007.0,3.0,43.0,8.669375,11.0,1178,0
20.0,1230.0,2.0,46.0,7.7775,11.0,1179,0
5.0,1712.0,1.0,8.0,0.51,4.0,1180,0
5.0,2100.0,3.0,38.0,10.7975,5.0,1181,0
7.0,326.5,1.0,11.0,0.299375,9.0,1182,0
1.0,99.98,3.0,2.0,0.0975,1.0,1183,0
1.0,69.88,3.0,3.0,0.119375,2.0,1184,0
1.0,127.0,1.0,1.0,0.024375,1.0,1185,0
1.0,4178.0,1.0,1.0,0.024375,1.0,1186,0
1.0,381.0,1.0,1.0,0.024375,1.0,1187,0
8.0,2800.0,3.0,14.0,0.6775,8.0,1188,0
1.0,8.0,1.0,1.0,0.024375,1.0,1189,0
2.0,954.0,1.0,2.0,0.0475,2.0,1190,0
2.0,836.0,1.0,3.0,0.119375,2.0,1191,0
10.0,992.0,4.0,30.0,4.0375,9.0,1192,0
12.0,1967.5,2.0,31.0,4.924375,9.0,1193,0
2.0,1711.0,1.0,13.0,2.319375,2.0,1194,0
1.0,18.0,1.0,1.0,0.024375,1.0,1196,0
3.0,754.0,1.0,7.0,1.194375,1.0,1197,0
1.0,5770.0,2.0,5.0,0.609375,1.0,1198,0
2.0,6457.0,4.0,8.0,1.21,2.0,1199,0
2.0,300.0,1.0,2.0,0.0475,2.0,1200,0
3.0,327.8,1.0,4.0,0.09,4.0,1201,1
1.0,14.0,4.0,4.0,0.19,2.0,1202,1
1.0,4.0,1.0,1.0,0.024375,1.0,1203,1
1.0,2316.0,1.0,9.0,1.574375,2.0,1204,1
1.0,244.0,4.0,2.0,0.0975,1.0,1205,0
1.0,185.0,4.0,2.0,0.0975,1.0,1206,0
3.0,16446.0,9.0,67.0,37.119375,6.0,1207,0
4.0,2034.0,4.0,7.0,0.244375,5.0,1209,0
1.0,2.0,1.0,1.0,0.024375,1.0,1210,0
11.0,961.0,2.0,27.0,2.669375,9.0,1211,0
1.0,24.0,1.0,1.0,0.024375,1.0,1213,0
2.0,270.0,1.0,2.0,0.0475,2.0,1215,0
1.0,383.0,2.0,1.0,0.024375,1.0,1216,0
5.0,16143.0,6.0,15.0,0.884375,8.0,1217,0
2.0,22.0,1.0,2.0,0.0975,1.0,1218,0
1.0,2.0,1.0,1.0,0.024375,1.0,1219,0
1.0,2.0,1.0,1.0,0.024375,1.0,1221,0
1.0,6.0,2.0,2.0,0.0475,2.0,1222,0
1.0,2.0,1.0,1.0,0.024375,1.0,1223,0
1.0,2.0,1.0,1.0,0.024375,1.0,1224,0
1.0,6.0,2.0,2.0,0.0475,2.0,1225,0
1.0,5410.0,3.0,20.0,3.8,3.0,1226,0
1.0,2.0,1.0,1.0,0.024375,1.0,1227,0
1.0,3.0,1.0,3.0,0.219375,1.0,1228,0
1.0,785.0,2.0,1.0,0.024375,1.0,1229,0
1.0,30.0,1.0,1.0,0.024375,1.0,1232,0
1.0,30.0,1.0,1.0,0.024375,1.0,1233,0
1.0,7.0,1.0,1.0,0.024375,1.0,1234,0
3.0,4316.0,2.0,9.0,0.774375,3.0,1236,0
2.0,4248.0,3.0,8.0,0.76,2.0,1237,0
1.0,35.0,1.0,1.0,0.024375,1.0,1238,0
1.0,70.0,1.0,1.0,0.024375,1.0,1239,0
1.0,35.0,1.0,1.0,0.024375,1.0,1240,0
2.0,96.0,1.0,2.0,0.0975,1.0,1242,0
3.0,2702.0,1.0,13.0,1.519375,3.0,1243,0
1.0,1660.0,1.0,1.0,0.024375,1.0,1244,0
1.0,3339.0,2.0,2.0,0.0475,2.0,1245,0
2.0,551.0,1.0,3.0,0.119375,2.0,1246,0
2.0,3450.0,3.0,2.0,0.0475,2.0,1247,0
1.0,33.0,1.0,1.0,0.024375,1.0,1248,0
1.0,107.0,4.0,4.0,0.39,1.0,1249,0
1.0,364.0,1.0,1.0,0.024375,1.0,1250,0
1.0,6839.0,6.0,4.0,0.39,1.0,1251,0
1.0,16944.0,10.0,85.0,148.509375,3.0,1252,0
1.0,108.0,2.0,2.0,0.0975,1.0,1253,0
1.0,16916.0,6.0,6.0,0.4775,2.0,1255,0
1.0,1640.0,3.0,20.0,9.75,1.0,1256,0
1.0,8544.0,4.0,64.0,87.84,2.0,1257,0
2.0,7720.0,4.0,65.0,80.184375,2.0,1258,0
2.0,10816.0,4.0,7.0,0.294375,4.0,1259,1
2.0,93.0,1.0,7.0,1.194375,1.0,1262,0
1.0,184.0,1.0,1.0,0.024375,1.0,1265,0
1.0,40.0,1.0,1.0,0.024375,1.0,1266,0
1.0,73.4,1.0,1.0,0.024375,1.0,1267,0
1.0,1698.0,1.0,1.0,0.024375,1.0,1268,0
2.0,414.0,2.0,3.0,0.119375,2.0,1269,0
1.0,16.0,2.0,2.0,0.0975,1.0,1270,0
1.0,17.0,4.0,4.0,0.24,2.0,1271,0
1.0,330.0,1.0,1.0,0.024375,1.0,1272,0
1.0,29.95,1.0,1.0,0.024375,1.0,1273,0
1.0,17.0,3.0,2.0,0.0975,1.0,1274,0
1.0,34.0,1.0,1.0,0.024375,1.0,1276,0
1.0,134.0,1.0,1.0,0.024375,1.0,1277,0
1.0,5.0,1.0,1.0,0.024375,1.0,1278,0
1.0,73.0,1.0,1.0,0.024375,1.0,1279,0
1.0,69.0,1.0,1.0,0.024375,1.0,1280,0
1.0,69.0,1.0,1.0,0.024375,1.0,1281,0
1.0,25.0,1.0,1.0,0.024375,1.0,1282,0
1.0,25.0,1.0,1.0,0.024375,1.0,1283,0
1.0,13.0,1.0,1.0,0.024375,1.0,1284,0
1.0,197.0,1.0,3.0,0.219375,1.0,1285,0
1.0,5.0,1.0,1.0,0.024375,1.0,1287,0
1.0,5.0,1.0,1.0,0.024375,1.0,1288,0
3.0,240.0,2.0,3.0,0.119375,2.0,1289,0
6.0,1057.0,2.0,17.0,7.044375,1.0,1290,0
3.0,750.0,1.0,3.0,0.219375,1.0,1291,0
1.0,8.0,2.0,1.0,0.024375,1.0,1292,0
1.0,6.0,2.0,1.0,0.024375,1.0,1293,0
1.0,1.0,2.0,1.0,0.024375,1.0,1294,0
1.0,1.0,2.0,1.0,0.024375,1.0,1295,0
1.0,1.0,2.0,1.0,0.024375,1.0,1296,0
1.0,1.0,2.0,1.0,0.024375,1.0,1297,0
1.0,1.0,2.0,1.0,0.024375,1.0,1298,0
1.0,1.0,2.0,1.0,0.024375,1.0,1299,0
1.0,1327.0,1.0,7.0,1.194375,1.0,1300,0
1.0,7.0,1.0,1.0,0.024375,1.0,1302,0
1.0,1326.0,1.0,1.0,0.024375,1.0,1305,0
1.0,37.0,1.0,1.0,0.024375,1.0,1306,0
1.0,37.0,1.0,1.0,0.024375,1.0,1307,0
1.0,37.0,1.0,1.0,0.024375,1.0,1308,1
1.0,94.0,1.0,1.0,0.024375,1.0,1309,0
1.0,95.0,1.0,1.0,0.024375,1.0,1310,0
1.0,69.0,1.0,1.0,0.024375,1.0,1311,0
1.0,70.0,1.0,1.0,0.024375,1.0,1312,0
1.0,341.0,2.0,1.0,0.024375,1.0,1313,0
1.0,458.0,2.0,1.0,0.024375,1.0,1314,0
1.0,411.0,3.0,2.0,0.0475,2.0,1315,0
2.0,1191.0,2.0,8.0,0.96,2.0,1316,0
1.0,2480.0,1.0,1.0,0.024375,1.0,1318,0
1.0,3500.0,2.0,2.0,0.0475,2.0,1319,0
1.0,60.0,1.0,1.0,0.024375,1.0,1320,0
1.0,60.9,1.0,1.0,0.024375,1.0,1321,1
2.0,342.0,1.0,8.0,0.91,3.0,1322,0
2.0,505.0,1.0,2.0,0.0475,2.0,1323,1
1.0,19.0,1.0,1.0,0.024375,1.0,1324,0
1.0,25.0,1.0,1.0,0.024375,1.0,1325,1
1.0,144.0,1.0,1.0,0.024375,1.0,1326,0
1.0,7.0,1.0,1.0,0.024375,1.0,1327,0
1.0,93.0,2.0,2.0,0.0975,1.0,1328,0
1.0,95.0,1.0,1.0,0.024375,1.0,1329,0
1.0,332.0,2.0,2.0,0.0975,1.0,1330,0
1.0,5.0,1.0,1.0,0.024375,1.0,1331,0
3.0,117.0,1.0,6.0,0.6275,2.0,1332,0
1.0,380.0,1.0,1.0,0.024375,1.0,1333,0
1.0,24.0,3.0,3.0,0.119375,2.0,1334,0
1.0,136.0,1.0,1.0,0.024375,1.0,1335,0
1.0,24.0,1.0,1.0,0.024375,1.0,1336,0
1.0,68.0,1.0,1.0,0.024375,1.0,1337,0
1.0,24.0,1.0,1.0,0.024375,1.0,1338,0
1.0,48.0,1.0,1.0,0.024375,1.0,1339,0
1.0,68.0,1.0,1.0,0.024375,1.0,1340,0
1.0,320.0,1.0,3.0,0.219375,1.0,1341,0
1.0,48.0,1.0,1.0,0.024375,1.0,1342,0
1.0,212.5,2.0,1.0,0.024375,1.0,1343,0
1.0,21.0,1.0,1.0,0.024375,1.0,1344,0
1.0,2.0,1.0,1.0,0.024375,1.0,1345,0
1.0,2.0,1.0,1.0,0.024375,1.0,1349,0
