Hyperbox 0 class 0
0.5 0.5 0.5 0.5 0.5 0.5 
3.5 1.5 1.5 3.5 4.5 1.5 
Hyperbox 1 class 0
0.5 0.5 0.5 0.5 0.5 0.5 
3.5 3.5 1.5 1.5 4.5 1.5 
Hyperbox 2 class 0
0.5 0.5 0.5 0.5 0.5 0.5 
1.5 3.5 1.5 3.5 4.5 1.5 
Hyperbox 3 class 0
0.5 0.5 0.5 0.5 0.5 0.5 
3.5 1.5 1.5 1.5 4.5 2.5 
Hyperbox 4 class 0
0.5 0.5 0.5 0.5 0.5 0.5 
1.5 3.5 1.5 1.5 4.5 2.5 
Hyperbox 5 class 0
0.5 0.5 0.5 0.5 0.5 0.5 
1.5 2.5 2.5 1.5 4.5 2.5 
Hyperbox 6 class 0
0.5 0.5 0.5 0.5 0.5 0.5 
1.5 1.5 1.5 3.5 4.5 2.5 
Hyperbox 7 class 0
0.5 0.5 0.5 0.5 0.5 0.5 
3.5 1.5 2.5 1.5 4.5 1.5 
Hyperbox 8 class 0
0.5 0.5 0.5 0.5 2 0.5 
3.5 1.5 2.5 3.5 4.5 1.5 
Hyperbox 9 class 0
0.5 0.5 0.5 0.5 0.5 0.5 
1.5 3.5 2.5 1.5 4.5 1.5 
Hyperbox 10 class 0
0.5 0.5 0.5 0.5 0.5 0.5 
1.5 1.5 2.5 3.5 4.5 1.5 
Hyperbox 11 class 0
0.5 0.5 0.5 0.5 0.5 0.5 
2.5 3.5 1.5 1.5 2.5 2.5 
Hyperbox 12 class 0
0.5 0.5 0.5 0.5 0.5 0.5 
2.5 2.5 1.5 1.5 3.5 2.5 
Hyperbox 13 class 0
0.5 0.5 0.5 0.5 0.5 0.5 
1.5 3.5 2.5 1.5 2.5 2.5 
Hyperbox 14 class 0
0.5 0.5 0.5 0.5 0.5 0.5 
1.5 1.5 2.5 2.5 3.5 2.5 
Hyperbox 15 class 0
0.5 0.5 0.5 0.5 3 0.5 
3.5 3.5 1.5 2.5 4.5 1.5 
Hyperbox 16 class 0
0.5 0.5 0.5 1 0.5 0.5 
3.5 3.5 1.5 3.5 1.5 1.5 
Hyperbox 17 class 0
0.5 1 0.5 0.5 0.5 0.5 
2.5 2.5 2.5 1.5 3.5 2.5 
Hyperbox 18 class 0
2 0.5 0.5 0.5 3 0.5 
3.5 3.5 2.5 3.5 4.5 1.5 
Hyperbox 19 class 0
0.5 0.5 0.5 1 0.5 0.5 
3.5 1.5 1.5 3.5 1.5 2.5 
Hyperbox 20 class 0
0.5 0.5 0.5 1 0.5 0.5 
3.5 1.5 2.5 3.5 1.5 1.5 
Hyperbox 21 class 0
0.5 0.5 0.5 1 0.5 0.5 
2.5 3.5 1.5 2.5 1.5 2.5 
Hyperbox 22 class 0
0.5 0.5 0.5 1 0.5 0.5 
2.5 3.5 1.5 2.5 2.5 1.5 
Hyperbox 23 class 0
0.5 0.5 0.5 1 0.5 0.5 
2.5 2.5 1.5 3.5 1.5 2.5 
Hyperbox 24 class 0
0.5 0.5 0.5 1 0.5 0.5 
2.5 2.5 1.5 3.5 2.5 1.5 
Hyperbox 25 class 0
0.5 0.5 0.5 1 0.5 0.5 
1.5 2.5 2.5 3.5 2.5 1.5 
Hyperbox 26 class 0
0.5 0.5 1 0.5 0.5 0.5 
3.5 2.5 2.5 1.5 1.5 2.5 
Hyperbox 27 class 0
0.5 0.5 1 0.5 0.5 0.5 
3.5 2.5 2.5 1.5 2.5 1.5 
Hyperbox 28 class 0
0.5 0.5 1 0.5 0.5 0.5 
3.5 1.5 2.5 3.5 1.5 1.5 
Hyperbox 29 class 0
0.5 0.5 1 0.5 0.5 0.5 
3.5 1.5 2.5 2.5 1.5 2.5 
Hyperbox 30 class 0
0.5 0.5 1 0.5 0.5 0.5 
1.5 2.5 2.5 3.5 2.5 1.5 
Hyperbox 31 class 0
0.5 1 0.5 0.5 0.5 0.5 
3.5 3.5 1.5 1.5 1.5 2.5 
Hyperbox 32 class 0
0.5 1 0.5 0.5 0.5 0.5 
2.5 3.5 1.5 2.5 1.5 2.5 
Hyperbox 33 class 0
0.5 1 0.5 0.5 0.5 0.5 
2.5 2.5 1.5 3.5 1.5 2.5 
Hyperbox 34 class 0
0.5 1 0.5 0.5 0.5 0.5 
1.5 3.5 1.5 3.5 1.5 2.5 
Hyperbox 35 class 0
2 0.5 0.5 0.5 2.5 0.5 
3.5 3.5 1.5 2.5 4.5 1.5 
Hyperbox 36 class 0
0.5 0.5 0.5 1 0.5 0.5 
1.5 1.5 2.5 3.5 1.5 2.5 
Hyperbox 37 class 0
0.5 0.5 1 0.5 0.5 0.5 
1.5 1.5 2.5 3.5 1.5 2.5 
