Hyperbox 0 class 1
0.5 0.5 1 0.5 0.5 0.5 
3.5 2.5 2.5 3.5 3.5 2.5 
Hyperbox 1 class 1
0.5 0.5 0.5 0.5 0.5 0.5 
3.5 2.5 2.5 3.5 1.5 2.5 
Hyperbox 2 class 1
0.5 0.5 0.5 0.5 0.5 1 
3.5 2.5 2.5 3.5 2.5 2.5 
Hyperbox 3 class 1
0.5 0.5 0.5 0.5 0.5 1 
3.5 1.5 2.5 3.5 3.5 2.5 
Hyperbox 4 class 1
0.5 0.5 0.5 0.5 0.5 1 
3.5 2.5 2.5 2.5 3.5 2.5 
Hyperbox 5 class 1
0.5 0.5 0.5 0.5 0.5 1 
3.5 3.5 1.5 1.5 3.5 2.5 
Hyperbox 6 class 1
0.5 0.5 0.5 0.5 0.5 1 
1.5 2.5 2.5 3.5 3.5 2.5 
Hyperbox 7 class 0
1 1 0.5 0.5 1 0.5 
2.5 3.5 2.5 3.5 2.5 1.5 
Hyperbox 8 class 0
1 0.5 0.5 1 1 0.5 
2.5 3.5 1.5 3.5 4.5 1.5 
Hyperbox 9 class 1
1 2 0.5 0.5 0.5 0.5 
3.5 3.5 1.5 1.5 4.5 2.5 
Hyperbox 10 class 1
2 0.5 0.5 0.5 1 0.5 
3.5 3.5 2.5 1.5 3.5 2.5 
Hyperbox 11 class 0
0.5 1 0.5 1 2 0.5 
2.5 3.5 1.5 3.5 4.5 1.5 
Hyperbox 12 class 0
0.5 1 0.5 1 2 0.5 
2.5 3.5 1.5 2.5 4.5 2.5 
Hyperbox 13 class 0
0.5 1 0.5 1 2 0.5 
1.5 3.5 2.5 3.5 4.5 1.5 
Hyperbox 14 class 0
0.5 1 0.5 1 2 0.5 
1.5 3.5 2.5 2.5 4.5 2.5 
Hyperbox 15 class 1
2 2 0.5 0.5 1 0.5 
3.5 3.5 2.5 1.5 4.5 2.5 
Hyperbox 16 class 1
1 2 0.5 0.5 2 1 
3.5 3.5 2.5 1.5 4.5 2.5 
