Hyperbox 0 class 2
10.72 1.24 0.86 6.155 35.715 1.715 0.955 0.63 0.91 1.01 1.135 0.97 202 
12.44 2.345 8.905 27.5 157 10.56 66.375 2.715 9.495 9.65 3.045 10.04 1283.5 
Hyperbox 1 class 2
12.935 1.315 1.03 8.355 39.715 1.79 1.165 0.63 1.22 1.14 1.115 1.265 208 
13.04 3.735 8.985 30.5 157 10.56 66.375 1.275 9.905 9.65 3.035 10.12 1333 
Hyperbox 2 class 1
14.175 1.545 1.2 6.455 45.215 2.09 1.765 0.65 1.33 1.9 1.15 1.39 403 
14.32 6.42 9.225 28 147.5 10.74 66.465 2.65 9.595 11.45 2.995 10.3 1680.5 
Hyperbox 3 class 2
13.005 3.955 1.245 11.605 43.215 1.815 1.465 0.715 1.515 1.44 1.105 1.14 253 
13.065 7.3 8.775 26.75 124.5 10.11 65.825 2.705 9.12 9.4 2.775 9.85 1098 
Hyperbox 4 class 2
12.365 1.24 0.86 6.155 35.715 1.54 0.955 0.63 0.91 0.78 1.085 0.93 202 
12.44 7.3 9.23 30.5 162.5 10.56 67.04 2.73 9.905 10 3.21 10.145 1333 
Hyperbox 5 class 2
13.095 1.375 1.03 8.355 39.715 2.48 2.26 0.695 1.845 2.79 1.3 1.725 314 
13.135 2.455 8.465 23 120.5 10.29 66.09 2.53 9.255 9.65 2.915 9.89 1091.5 
Hyperbox 6 class 3
13.43 3.195 1.275 10.605 44.715 1.69 0.91 0.675 0.98 2.315 1.035 0.785 313 
13.63 6.875 8.975 27.75 143 9.8 65.285 2.69 8.885 12.34 2.81 9.33 907.5 
Hyperbox 7 class 3
12.695 2.645 1.36 18.55 53.715 1.84 1.27 0.65 1.125 2.64 1.13 0.78 363 
12.71 4.71 8.795 26.25 134.5 9.65 65.1 2.485 8.535 9.5 2.745 8.945 1140.5 
Hyperbox 8 class 2
13.655 1.495 1.14 9.855 47.715 2.04 1.565 0.725 1.07 2.04 1.355 1.365 378 
13.675 5.025 8.575 24.5 128.5 9.85 65.395 2.56 8.48 8.9 2.97 9.53 1155.5 
Hyperbox 9 class 2
13.85 2.43 1.515 13.355 43.715 2.465 2.1 0.67 1.64 1.83 1.42 1.715 268 
13.865 5.155 8.95 28 124.5 10.275 65.93 2.505 3.08 8.69 3.035 9.88 1045.5 
